#line 2
/* ME_Hue curve ver 1.5
    by Moaz Elgabry
    moazelgabry.com
    
    buymeacoffee.com/moazelgabry


    Based on the Hue curve function written by Thatcher Freeman
    https://github.com/thatcherfreeman/utility-dctls/blob/main/Effects/Hue%20Curve.dctl

    Original C++ code for OKLab by Bjorn Ottosson https://bottosson.github.io/posts/oklab/
    ported to DCTL by Nico Wieseneder, www.demystify-color.com
    ------------
    Math for CIELab from http://www.brucelindbloom.com
    Ported to DCTL by Jan Karow
    ------------
    Model for ProLab by:
    I. A. Konovalenko, A. A. Smagina, D. P. Nikolaev and P. P. Nikolaev, 
    "ProLab: A Perceptually Uniform Projective Color Coordinate System," 
    in IEEE Access, vol. 9, pp. 133023-133042, 2021, doi: 10.1109/ACCESS.2021.3115425. 
    https://ieeexplore.ieee.org/document/9547296/authors#authors
    Ported to DCTL by Jan Karow
    ------------
    Values for reference white from https://de.wikipedia.org/wiki/Lab-Farbraum#Umrechnung_von_XYZ_zu_Lab

    Change Log: 
    V1.6  : *Upgraded the main curve to a much smoother version for even better protection against folds and more stable behaviour with small adjustments.
            *Added tLab (Kirk) as a Lab-family color model path with LCH hue handling.the conversions are tuned and stabliized for wide dynamic range and protected against blue-region instability, however it is not perfect.
            *Added Yrg (Kirk 2019) Lab-family model path with dedicated Yrg inset/outset.the conversions are tuned and stabliized for wide dynamic range and protected against blue-region instability, it performs better than tLab but worse than ProLab.
             The original Kirk tLab paper is here: https://www.researchgate.net/publication/332651319_tLab_A_Perceptually_Uniform_Color_Space_for_Optimal_Color_Manipulation_in_Digital_Imaging
             The original Kirk Yrg paper is here: https://www.researchgate.net/publication/335427086_Yrg_A_Perceptually_Uniform_Color_Space_for_Optimal_Color_Manipulation_in_Digital_Imaging
    V1.5  : *Added Variation Mode - a new control type that stretches or compresses
             hues within each bell region rather than rotating them, useful for
             clustering or spreading hue families.
    V1.4  : *Fixed compatibilty issues with opencl and metal.
            *Made the hue curve C2 continious and now has better mathematical stability so small adjustments will feel more smooth.
            *Improved protection for lab models against high saturation colors and the prune-to-break blue region for Davinici wide gamut.
            *Added a guardrail to prevent the hue curve from folding particulalry when using the custom hue option.
            *Improved visibility of the hue overlay curve.
            *Removed experimental color models.
    v1.3  : *Initial release as earlier versions were not documented.
 */


DEFINE_UI_PARAMS(red_adjustment_amt, Red 🟥, DCTLUI_SLIDER_FLOAT, 0.0, -.6, .6, 0.001)
DEFINE_UI_PARAMS(skin_adjustment_amt, Skin 👩🏻‍🦲, DCTLUI_SLIDER_FLOAT, 0.0, -0.25, .25, 0.001)
DEFINE_UI_PARAMS(yellow_adjustment_amt, Yellow 🟨, DCTLUI_SLIDER_FLOAT, 0.0, -0.5, .5, 0.001)
DEFINE_UI_PARAMS(green_adjustment_amt, Green 🟩, DCTLUI_SLIDER_FLOAT, 0.0, -0.7, .7, 0.001)
DEFINE_UI_PARAMS(cyan_adjustment_amt, Cyan ⬜️, DCTLUI_SLIDER_FLOAT, 0.0, -0.65, .65, 0.001)
DEFINE_UI_PARAMS(blue_adjustment_amt, Blue 🟦, DCTLUI_SLIDER_FLOAT, 0.0, -0.6, .6, 0.001)
DEFINE_UI_PARAMS(magenta_adjustment_amt, Magenta 🟪, DCTLUI_SLIDER_FLOAT, 0.0, -0.57, .57, 0.001)
DEFINE_UI_PARAMS(adjustment_amt, Custom Hue, DCTLUI_SLIDER_FLOAT, 0.0, -1, 1, 0.001)
DEFINE_UI_PARAMS(selected_hue, Select Hue Angle, DCTLUI_SLIDER_FLOAT, 0.5, 0.0, 360.0, 0.001)
DEFINE_UI_PARAMS(complementary_fade, Opposite Hue Change, DCTLUI_SLIDER_FLOAT, 1.0, 0.0, 1.0, 0.01)
DEFINE_UI_PARAMS(smoothness, Smooth, DCTLUI_SLIDER_FLOAT, 0, 0.0, 1.0, 0.01)


DEFINE_UI_PARAMS(bypass, 🚫 Bypass, DCTLUI_CHECK_BOX, 0)
DEFINE_UI_PARAMS(draw_curve, 📈 Draw Curve, DCTLUI_CHECK_BOX, 0)
DEFINE_UI_PARAMS(complementary_curve, Affect Opposite Hues, DCTLUI_CHECK_BOX, 0)
DEFINE_UI_PARAMS(variation_mode, 🔀 Compression/Variation, DCTLUI_CHECK_BOX, 0)

DEFINE_UI_PARAMS(color_model, Color model, DCTLUI_COMBO_BOX, 6, {chen, HSV, reuleaux, HSP, cie, ok, pro, tlab, yrg}, {Chen, HSV, Reuleaux, HSP, CIELab, OKLab, ProLab, tLab (Kirk), Yrg (Kirk)})

DEFINE_UI_PARAMS(colorspace, Input Gamut, DCTLUI_COMBO_BOX, 1, {ccg, dwg, awg3}, {Cinema Gamut, DaVinci WG, AWG3})

/*----------- Tooltips -----------------*/
#if ((__RESOLVE_VER_MAJOR__ > 19)) || ((__RESOLVE_VER_MAJOR__ == 19) && (__RESOLVE_VER_MINOR__ >= 1))
DEFINE_UI_TOOLTIP(Red 🟥, "Adjusts red-region hue shift.")
DEFINE_UI_TOOLTIP(Skin 👩🏻‍🦲, "Adjusts skin-region hue shift. In Lab-family models, center/amount are remapped for perceptual behavior.")
DEFINE_UI_TOOLTIP(Yellow 🟨, "Adjusts yellow-region hue shift.")
DEFINE_UI_TOOLTIP(Green 🟩, "Adjusts green-region hue shift.")
DEFINE_UI_TOOLTIP(Cyan ⬜️, "Adjusts cyan-region hue shift. In Lab-family models, amount is remapped for stability.")
DEFINE_UI_TOOLTIP(Blue 🟦, "Adjusts blue-region hue shift.")
DEFINE_UI_TOOLTIP(Magenta 🟪, "Adjusts magenta-region hue shift.")
DEFINE_UI_TOOLTIP(Custom Hue, "Custom hue shift amount for the selected angle.")
DEFINE_UI_TOOLTIP(Select Hue Angle, "Custom hue center in degrees (0-360).")
DEFINE_UI_TOOLTIP(Opposite Hue Change, "Strength of the opposite-hue bell (0 disables, 1 matches main bell strength).")
DEFINE_UI_TOOLTIP(Smooth, "Widens bell feathering for gentler transitions and better overlap stability.")
DEFINE_UI_TOOLTIP(🚫 Bypass, "Disables processing and passes the input through unchanged.")
DEFINE_UI_TOOLTIP(📈 Draw Curve, "Draws curve/marker guides over the active image area for setup and debugging.")
DEFINE_UI_TOOLTIP(Affect Opposite Hues, "Enables an additional bell at the complementary hue (180 degrees away).")
DEFINE_UI_TOOLTIP(🔀 Compression/Variation, "Switches bell behavior from hue rotation to local hue variation (negative compresses, positive expands).")
DEFINE_UI_TOOLTIP(Color model, "Selects hue-processing model. Chen/HSV/Reuleaux/HSP use channel 1 hue; CIELab/OKLab/ProLab/tLab/Yrg use LCH hue channel.")
DEFINE_UI_TOOLTIP(Input Gamut, "Working gamut used by Lab-family transforms and inset/outset safety math. Match this to your pipeline gamut.")
#endif

// Keep constants global (some Metal/OpenCL parsers dislike repeated in-function defines).
#define ME_PI 3.1415926535897932384626f
#define PI ME_PI
#define k_black_threshold 0.01f
#define k_assume_centered 1

// k_fold_limit caps accumulated hue delta before wrap folding.
// Lower = safer/softer combined shifts, higher = stronger stacking.
#define k_fold_limit 0.35f
// Option 1 smoothing (rotation mode):
// width floor prevents very narrow bells at tiny adjustments.
#define k_hue_width_floor 0.015f
// Chroma threshold for neutral protection in Lab-family hue adjustments.
#define k_chroma_gate_threshold 0.02f
// Lab-family toe-lift floor to stabilize near-black/negative values through nonlinear mappings.
#define k_lab_toe_floor 1e-4f
// Kirk-family Y-gate highs:
// This gate attenuates hue shifts when Yrg luminance (Y) is near/below zero.
// In that region, Kirk chromaticity inversion can become ill-conditioned and
// small hue moves may create visible hue discontinuities in deep shadows.
// Chosen values:
// - Yrg:  0.10 keeps stronger protection near problematic negative-Y zones.
// - tLab: 0.14 gives a wider/smoother transition to reduce low-luma hue stepping.
#define k_yrg_y_gate_hi 0.10f
#define k_tlab_y_gate_hi 0.14f
// ProLab inverse-projective w gate:
// when |w| approaches zero, inverse projective mapping becomes ill-conditioned.
// Fade hue delta in that zone to avoid HDR outliers while keeping [0..1] behavior unchanged.
#define k_pro_w_gate_lo 0.020f
#define k_pro_w_gate_hi 0.080f
// Debug switch: set to 1 to enable tLab geometric d-cap protection.
#define k_enable_tlab_dcap 1


__DEVICE__ float3 v_x_mtx_3x3_s(float3 v,
                                float m00, float m01, float m02,
                                float m10, float m11, float m12,
                                float m20, float m21, float m22) {
    return make_float3(
        m00 * v.x + m01 * v.y + m02 * v.z,
        m10 * v.x + m11 * v.y + m12 * v.z,
        m20 * v.x + m21 * v.y + m22 * v.z
    );
}

 __DEVICE__ float wrapf(float x, float y) {
     if (x < 0) {
         return y + _fmod(x, y);
     } else {
         return _fmod(x, y);
     }
 }

__DEVICE__ float circular_delta(float to, float from) {
    // Shortest signed distance on a unit circle, returned in [-0.5, 0.5].
    return wrapf((to - from) + 0.5f, 1.0f) - 0.5f;
}

__DEVICE__ int4 get_black_bar_thickness_rgb(int p_Width, int p_Height, __TEXTURE__ p_TexR, __TEXTURE__ p_TexG, __TEXTURE__ p_TexB, float black_threshold) {
    int4 thickness = make_int4(0, 0, 0, 0);

    int left = 0;
    int right = p_Height / 2;
    int center_x = p_Width / 2;
    while (left < right) {
        int mid = (left + right) / 2;
        float r = _tex2D(p_TexR, center_x, mid);
        float g = _tex2D(p_TexG, center_x, mid);
        float b = _tex2D(p_TexB, center_x, mid);
        if (_fabs(r) > black_threshold || _fabs(g) > black_threshold || _fabs(b) > black_threshold) right = mid;
        else left = mid + 1;
    }
    thickness.y = left;

    left = 0;
    right = p_Height / 2;
    while (left < right) {
        int mid = (left + right) / 2;
        float r = _tex2D(p_TexR, center_x, p_Height - 1 - mid);
        float g = _tex2D(p_TexG, center_x, p_Height - 1 - mid);
        float b = _tex2D(p_TexB, center_x, p_Height - 1 - mid);
        if (_fabs(r) > black_threshold || _fabs(g) > black_threshold || _fabs(b) > black_threshold) right = mid;
        else left = mid + 1;
    }
    thickness.w = left;

    left = 0;
    right = p_Width / 2;
    int center_y = p_Height / 2;
    while (left < right) {
        int mid = (left + right) / 2;
        float r = _tex2D(p_TexR, mid, center_y);
        float g = _tex2D(p_TexG, mid, center_y);
        float b = _tex2D(p_TexB, mid, center_y);
        if (_fabs(r) > black_threshold || _fabs(g) > black_threshold || _fabs(b) > black_threshold) right = mid;
        else left = mid + 1;
    }
    thickness.x = left;

    left = 0;
    right = p_Width / 2;
    while (left < right) {
        int mid = (left + right) / 2;
        float r = _tex2D(p_TexR, p_Width - 1 - mid, center_y);
        float g = _tex2D(p_TexG, p_Width - 1 - mid, center_y);
        float b = _tex2D(p_TexB, p_Width - 1 - mid, center_y);
        if (_fabs(r) > black_threshold || _fabs(g) > black_threshold || _fabs(b) > black_threshold) right = mid;
        else left = mid + 1;
    }
    thickness.z = left;

    return thickness;
}

//color models
//==============

   __DEVICE__ float3 RGBtoCHEN(float3 in) {
    float r = in.x;
    float g = in.y;
    float b = in.z;

    float h;
    float c;
    float l;

    const float rtr = r * 0.81649658f + g * -0.40824829f + b * -0.40824829f;
    const float rtg = r * 0.0f + g * 0.70710678f + b * -0.70710678f;
    const float rtb = r * 0.57735027f + g * 0.57735027f + b * 0.57735027f;

    const float art = _atan2f(rtg, rtr);

    const float sphr = _sqrtf(rtr*rtr + rtg*rtg + rtb*rtb);
    const float spht = art < 0.0f ? art + 2.0f * 3.141592653589f : art;
    const float sphp = _atan2f(_sqrtf(rtr*rtr + rtg*rtg), rtb);

    l = sphr * 0.5773502691896258f;
    h = spht * 0.15915494309189535f;
    c = sphp * 1.0467733744265997f;

    return make_float3(h, c, l);
    } //by Kaur Hendrikson
   
   __DEVICE__ float3 CHENtoRGB(float3 in) {
    float h = in.x * 6.283185307179586f;
    float c = in.y * 0.9553166181245093f;
    float l = in.z * 1.7320508075688772f;
    
   float r = 0;
   float g = 0;
   float b = 0;

    const float ctr = l * _sinf(c) * _cosf(h);
    const float ctg = l * _sinf(c) * _sinf(h);
    const float ctb = l * _cosf(c);

    r = ctr * 0.81649658f + ctg * 0.0f + ctb * 0.57735027f;
    g = ctr * -0.40824829f + ctg * 0.70710678f + ctb * 0.57735027f;
    b = ctr * -0.40824829f + ctg * -0.70710678f + ctb * 0.57735027f;

    return make_float3(r, g, b);
    } //by Kaur Hendrikson
  
  
  
__DEVICE__ float3 rgb_to_reuleaux(float3 rgb) {
    float3 NORM_MULTS = make_float3(2.0f * PI, _sqrtf(2.0f), 1.0f);
    float3 rot = make_float3(
                    _sqrtf(2.0f) / 6.0f * (2.0f * rgb.x - rgb.y - rgb.z),
                    (rgb.y - rgb.z) / _sqrtf(6.0f),
                    (rgb.x + rgb.y + rgb.z) / 3.0f);
    float safe_luma = _fmaxf(_fabs(rot.z), 1e-6f);
    float3 rlx = make_float3(
                    ME_PI - _atan2f(rot.y, -rot.x),
                    _sqrtf(rot.x * rot.x + rot.y * rot.y) / safe_luma,
                    _fmaxf(rgb.x, _fmaxf(rgb.y, rgb.z)));
    return make_float3(rlx.x / NORM_MULTS.x, rlx.y / NORM_MULTS.y, rlx.z / NORM_MULTS.z);
     }
  
  __DEVICE__ float3 reuleaux_to_rgb(float3 rlx) {
    float3 NORM_MULTS = make_float3(2.0f * PI, _sqrtf(2.0f), 1.0f);
    rlx = make_float3(rlx.x * NORM_MULTS.x, rlx.y * NORM_MULTS.y, rlx.z * NORM_MULTS.z);
    float safe_sat = _fmaxf(rlx.y, 1e-6f);
    float m = NORM_MULTS.y * _fmaxf(_cosf(rlx.x), _fmaxf(_cosf(rlx.x + NORM_MULTS.x / 3.0f), _cosf(rlx.x - NORM_MULTS.x / 3.0f))) + 1.0f / safe_sat;
    m = (m >= 0.0f) ? _fmaxf(m, 1e-6f) : _fminf(m, -1e-6f);
    float3 ocs = make_float3(
                    rlx.z * _cosf(rlx.x) / m,
                    rlx.z * _sinf(rlx.x) / m,
                    rlx.z);
    float3 rgb = make_float3(
                    ocs.z - _sqrtf(3.0f / 2.0f) * _fmaxf(_fabs(ocs.y) - _sqrtf(3.0f) * ocs.x, 0.0f),
                    ocs.z - _sqrtf(3.0f / 2.0f) * (_fmaxf(_fabs(ocs.y), _sqrtf(3.0f) * ocs.x) - ocs.y),
                    ocs.z - _sqrtf(3.0f / 2.0f) * (_fmaxf(_fabs(ocs.y), _sqrtf(3.0f) * ocs.x) + ocs.y));
    return rgb;
     }
 
 __DEVICE__ float3 RGB_to_HSV(float3 RGB) {
    float R = RGB.x, G = RGB.y, B = RGB.z;
    float maxVal = _fmaxf(R, _fmaxf(G, B));
    float minVal = _fminf(R, _fminf(G, B));
    float delta = maxVal - minVal;

    float H = 0.0f, S = (maxVal == 0.0f) ? 0.0f : delta / maxVal;
    float V = maxVal;

    if (delta != 0.0f) {
        if (maxVal == R) {
            H = wrapf(((G - B) / delta), 6.0f);
        } else if (maxVal == G) {
            H = ((B - R) / delta) + 2.0f;
        } else {
            H = ((R - G) / delta) + 4.0f;
        }
        H /= 6.0f;
        if (H < 0.0f) H += 1.0f;
    }

    return make_float3(H, S, V);
    } //Convert to HSV
 
 __DEVICE__ float3 HSV_to_RGB(float3 HSV) {
    float H = HSV.x * 6.0f; // Scale hue to [0, 6]
    float S = HSV.y;
    float V = HSV.z;

    float C = V * S; // Chroma
    float X = C * (1.0f - _fabs(wrapf(H, 2.0f) - 1.0f)); // Second largest component
    float m = V - C;

    float3 RGB;
    if      (H < 1.0f) RGB = make_float3(C, X, 0.0f);
    else if (H < 2.0f) RGB = make_float3(X, C, 0.0f);
    else if (H < 3.0f) RGB = make_float3(0.0f, C, X);
    else if (H < 4.0f) RGB = make_float3(0.0f, X, C);
    else if (H < 5.0f) RGB = make_float3(X, 0.0f, C);
    else               RGB = make_float3(C, 0.0f, X);

    return make_float3(RGB.x + m, RGB.y + m, RGB.z + m);
    } //Convert from HSV to RGB

 
 // Convert HSP (Hue, Saturation, Perceived brightness) to RGB
 __DEVICE__ float3 HSPtoRGB(float3 hsp) {
    // Constants for the HSP-RGB conversion
    const float Pr = 0.299f;
    const float Pg = 0.587f;
    const float Pb = 0.114f;
    float H = hsp.x;
    float S = hsp.y;
    float P = hsp.z;

    float3 rgb;
    float minOverMax = 1.0f - S;
    float safeMinOverMax = _fmaxf(minOverMax, 1e-6f);
    float part;

    if (minOverMax > 0.0f) {
        if (H < 1.0f / 6.0f) {  // R > G > B
            H = 6.0f * H;
            part = 1.0f + H * (1.0f / safeMinOverMax - 1.0f);
            rgb.z = P / _sqrtf(Pr / (safeMinOverMax * safeMinOverMax) + Pg * part * part + Pb);
            rgb.x = rgb.z / safeMinOverMax;
            rgb.y = rgb.z + H * (rgb.x - rgb.z);
        } else if (H < 2.0f / 6.0f) {  // G > R > B
            H = 6.0f * (2.0f / 6.0f - H);
            part = 1.0f + H * (1.0f / safeMinOverMax - 1.0f);
            rgb.z = P / _sqrtf(Pg / (safeMinOverMax * safeMinOverMax) + Pr * part * part + Pb);
            rgb.y = rgb.z / safeMinOverMax;
            rgb.x = rgb.z + H * (rgb.y - rgb.z);
        } else if (H < 3.0f / 6.0f) {  // G > B > R
            H = 6.0f * (H - 2.0f / 6.0f);
            part = 1.0f + H * (1.0f / safeMinOverMax - 1.0f);
            rgb.x = P / _sqrtf(Pg / (safeMinOverMax * safeMinOverMax) + Pb * part * part + Pr);
            rgb.y = rgb.x / safeMinOverMax;
            rgb.z = rgb.x + H * (rgb.y - rgb.x);
        } else if (H < 4.0f / 6.0f) {  // B > G > R
            H = 6.0f * (4.0f / 6.0f - H);
            part = 1.0f + H * (1.0f / safeMinOverMax - 1.0f);
            rgb.x = P / _sqrtf(Pb / (safeMinOverMax * safeMinOverMax) + Pg * part * part + Pr);
            rgb.z = rgb.x / safeMinOverMax;
            rgb.y = rgb.x + H * (rgb.z - rgb.x);
        } else if (H < 5.0f / 6.0f) {  // B > R > G
            H = 6.0f * (H - 4.0f / 6.0f);
            part = 1.0f + H * (1.0f / safeMinOverMax - 1.0f);
            rgb.y = P / _sqrtf(Pb / (safeMinOverMax * safeMinOverMax) + Pr * part * part + Pg);
            rgb.z = rgb.y / safeMinOverMax;
            rgb.x = rgb.y + H * (rgb.z - rgb.y);
        } else {  // R > B > G
            H = 6.0f * (6.0f / 6.0f - H);
            part = 1.0f + H * (1.0f / safeMinOverMax - 1.0f);
            rgb.y = P / _sqrtf(Pr / (safeMinOverMax * safeMinOverMax) + Pb * part * part + Pg);
            rgb.x = rgb.y / safeMinOverMax;
            rgb.z = rgb.y + H * (rgb.x - rgb.y);
        }
    } else {
        // Handle grayscale case when minOverMax == 0
        if (H < 1.0f / 6.0f) {  // R > G > B
            H = 6.0f * H;
            rgb.x = _sqrtf(P * P / (Pr + Pg * H * H));
            rgb.y = rgb.x * H;
            rgb.z = 0.0f;
        } else if (H < 2.0f / 6.0f) {  // G > R > B
            H = 6.0f * (2.0f / 6.0f - H);
            rgb.y = _sqrtf(P * P / (Pg + Pr * H * H));
            rgb.x = rgb.y * H;
            rgb.z = 0.0f;
        } else if (H < 3.0f / 6.0f) {  // G > B > R
            H = 6.0f * (H - 2.0f / 6.0f);
            rgb.y = _sqrtf(P * P / (Pg + Pb * H * H));
            rgb.z = rgb.y * H;
            rgb.x = 0.0f;
        } else if (H < 4.0f / 6.0f) {  // B > G > R
            H = 6.0f * (4.0f / 6.0f - H);
            rgb.z = _sqrtf(P * P / (Pb + Pg * H * H));
            rgb.y = rgb.z * H;
            rgb.x = 0.0f;
        } else if (H < 5.0f / 6.0f) {  // B > R > G
            H = 6.0f * (H - 4.0f / 6.0f);
            rgb.z = _sqrtf(P * P / (Pb + Pr * H * H));
            rgb.x = rgb.z * H;
            rgb.y = 0.0f;
        } else {  // R > B > G
            H = 6.0f * (6.0f / 6.0f - H);
            rgb.x = _sqrtf(P * P / (Pr + Pb * H * H));
            rgb.z = rgb.x * H;
            rgb.y = 0.0f;
        }
    }

    return rgb;
 }
 
 // Convert RGB to HSP (Perceived Brightness, Hue, Saturation)
 __DEVICE__ float3 RGBtoHSP(float3 rgb) {
    // Constants for the HSP-RGB conversion
    const float Pr = 0.299f;
    const float Pg = 0.587f;
    const float Pb = 0.114f;
    float R = rgb.x;
    float G = rgb.y;
    float B = rgb.z;
    float safeR = _fmaxf(_fabs(R), 1e-6f);
    float safeG = _fmaxf(_fabs(G), 1e-6f);
    float safeB = _fmaxf(_fabs(B), 1e-6f);

    float3 hsp;
    float P = _sqrtf(R * R * Pr + G * G * Pg + B * B * Pb);  // Perceived brightness
    hsp.z = P;

    // Calculate Hue and Saturation
    if (R == G && R == B) {  // Grayscale, no hue or saturation
        hsp.x = 0.0f; // Hue
        hsp.y = 0.0f; // Saturation
        return hsp;
    }

    if (R >= G && R >= B) {  // R is largest
        if (B >= G) {
            hsp.x = 1.0f - (B - G) / (6.0f * (R - G)); // Hue
            hsp.y = 1.0f - G / safeR;                // Saturation
        } else {
            hsp.x = (G - B) / (6.0f * (R - B));       // Hue
            hsp.y = 1.0f - B / safeR;                // Saturation
        }
    } else if (G >= R && G >= B) {  // G is largest
        if (R >= B) {
            hsp.x = (2.0f / 6.0f) - (R - B) / (6.0f * (G - B)); // Hue
            hsp.y = 1.0f - B / safeG;                          // Saturation
        } else {
            hsp.x = (2.0f / 6.0f) + (B - R) / (6.0f * (G - R)); // Hue
            hsp.y = 1.0f - R / safeG;                          // Saturation
        }
    } else {  // B is largest
        if (G >= R) {
            hsp.x = (4.0f / 6.0f) - (G - R) / (6.0f * (B - R)); // Hue
            hsp.y = 1.0f - R / safeB;                          // Saturation
        } else {
            hsp.x = (4.0f / 6.0f) + (R - G) / (6.0f * (B - G)); // Hue
            hsp.y = 1.0f - G / safeB;                          // Saturation
        }
    }

    return hsp;
 }
 



/*=========================

LAB color models

Adapted from code writeen by Jan Karow

=========================*/


 /* Inset-outset solution adapted from Agx suggested by Jan Karow*/
 
 __DEVICE__ float3 rgb_inset_by_space(float3 rgb, int colorspace) {
    // DaVinci Wide Gamut has a blue primary with negative y chromaticity (y = -0.1155).
    // In Lab-family mappings (CIELab/OKLab/ProLab), those imaginary/negative primaries
    // can generate XYZ values with negative components that destabilize the cube-root
    // nonlinearity. This inset contracts the gamut before Lab conversion to keep values
    // in a safe domain, and the matching outset restores the gamut on the way back.
    // Only very wide gamuts with negative blue y need inset for Lab-family safety.
    if (colorspace == 0 || colorspace == 2) {
        // Cinema Gamut / AWG3 (shared inset scale ~= 0.2367)
        return make_float3(
            rgb.x * 0.8357302628472827f + rgb.y * 0.07575160430529301f + rgb.z * 0.08851819789301629f,
            rgb.x * 0.07272987026297614f + rgb.y * 0.8387515418967071f + rgb.z * 0.08851798996797691f,
            rgb.x * 0.07272966839689886f + rgb.y * 0.07575121559727113f + rgb.z * 0.8515177877383528f
        );
    }
    if (colorspace == 1) {
        // DaVinci WG (stronger inset scale ~= 0.2598)
        return make_float3(
            rgb.x * 0.8196988689806680f + rgb.y * 0.0831443464238070f + rgb.z * 0.0971568559890394f,
            rgb.x * 0.0798277156498572f + rgb.y * 0.8230150003581090f + rgb.z * 0.0971566277722028f,
            rgb.x * 0.0798274940832882f + rgb.y * 0.0831439197810352f + rgb.z * 0.8370271282400680f
        );
    }
    //  passthrough
    return rgb;
 }
     
__DEVICE__ float3 rgb_outset_by_space(float3 rgb, int colorspace) {
    if (colorspace == 0 || colorspace == 2) {
        // Inverse of Cinema Gamut / AWG3 inset
        return make_float3(
            rgb.x * 1.215294430519138f + rgb.y * -0.09928130201704202f + rgb.z * -0.11601342100604005f,
            rgb.x * -0.09532096746629887f + rgb.y * 1.2113347084396262f + rgb.z * -0.11601316464611539f,
            rgb.x * -0.09532071196581424f + rgb.y * -0.09928081562487852f + rgb.z * 1.1946030611860257f
        );
    }
    if (colorspace == 1) {
        // Inverse of DaVinci WG inset
        return make_float3(
            rgb.x * 1.2436926069760300f + rgb.y * -0.1123769034158060f + rgb.z * -0.1313160575408690f,
            rgb.x * -0.1078941848637390f + rgb.y * 1.2392105840938500f + rgb.z * -0.1313157697772900f,
            rgb.x * -0.1078938970156720f + rgb.y * -0.1123763563087380f + rgb.z * 1.2202719663128800f
        );
    }
    //  passthrough
    return rgb;
 }

// tLab-specific inset/outset tuned with a +0.05 blue-y margin.
// This is intentionally stronger than generic Lab-family inset to stabilize yellow/green extremes.
__DEVICE__ float3 rgb_inset_tlab_by_space(float3 rgb, int colorspace) {
    if (colorspace == 0 || colorspace == 2) {
        // Cinema Gamut / AWG3
        return make_float3(
            rgb.x * 1.37103171012998f + rgb.y * -0.17736220272627f + rgb.z * -0.19366950740371f,
            rgb.x * -0.17377115725353f + rgb.y * 1.36744066465725f + rgb.z * -0.19366950740371f,
            rgb.x * -0.17377115725353f + rgb.y * -0.17736220272627f + rgb.z * 1.35113335997980f
        );
    }
    if (colorspace == 1) {
        // DaVinci WG
        return make_float3(
            rgb.x * 1.42227357106495f + rgb.y * -0.17262079824860f + rgb.z * -0.24965277281635f,
            rgb.x * -0.17091639309276f + rgb.y * 1.42056916590911f + rgb.z * -0.24965277281635f,
            rgb.x * -0.17091639309276f + rgb.y * -0.17262079824860f + rgb.z * 1.34353719134136f
        );
    }
    return rgb;
}

__DEVICE__ float3 rgb_outset_tlab_by_space(float3 rgb, int colorspace) {
    if (colorspace == 0 || colorspace == 2) {
        // Inverse of Cinema Gamut / AWG3 tLab inset
        return make_float3(
            rgb.x * 0.75981938021748f + rgb.y * 0.11481219155598f + rgb.z * 0.12536842822653f,
            rgb.x * 0.11248759367456f + rgb.y * 0.76214397809891f + rgb.z * 0.12536842822653f,
            rgb.x * 0.11248759367456f + rgb.y * 0.11481219155598f + rgb.z * 0.77270021476946f
        );
    }
    if (colorspace == 1) {
        // Inverse of DaVinci WG tLab inset
        return make_float3(
            rgb.x * 0.73495089690187f + rgb.y * 0.10834916245525f + rgb.z * 0.15669994064288f,
            rgb.x * 0.10727935584450f + rgb.y * 0.73602070351262f + rgb.z * 0.15669994064288f,
            rgb.x * 0.10727935584450f + rgb.y * 0.10834916245525f + rgb.z * 0.78437148170025f
        );
    }
    return rgb;
}

/* ============================================================
   Yrg (Kirk 2019) inset/outset matrices

   Purpose: contract each gamut's primaries toward D65 whitepoint
   before the XYZ->LMS (Kirk) mapping step so the LMS sum
   (L+M+S used as denominator in LMS_to_Yrg_kirk) stays positive
   for scene-linear values that can dip below/around black.

   Derivation (Python/NumPy, reproducible):
     s = (target_yB - yW) / (yB_primary - yW)
     Shrink each primary:
       xP' = xW + (xP - xW) * s
       yP' = yW + (yP - yW) * s
     Build RGB->XYZ for original and shrunk gamut.
     M_inset  = inv(RGB_to_XYZ_shrunk) @ RGB_to_XYZ_original
     M_outset = inv(M_inset)

   Constraint: target_yB must not exceed ~0.107 for DWG. Above that,
   Kirk LMS sum (L+M+S) can go negative for the blue primary, which
   destabilizes Yrg chromaticity division. target_yB = 0.10 was chosen
   as the practical upper-safe value across all supported gamuts.

   Repro record:
   - CCG : yB_original = -0.1020, target_yB = 0.10, inset_scale = 0.4687
   - DWG : yB_original = -0.1155, target_yB = 0.10, inset_scale = 0.4848
   - AWG3: yB_original = -0.1020, target_yB = 0.10, inset_scale = 0.4687
   ============================================================ */
__DEVICE__ float3 rgb_inset_yrg_by_space(float3 rgb, int colorspace) {
    if (colorspace == 0) {
        // CCG | yB_original=-0.1020 | target_yB=0.10 | inset_scale=0.4687 | blue_a=0.288
        return make_float3(
            rgb.x * 1.60074135599590f + rgb.y * -0.28716901348101f + rgb.z * -0.31357234251489f,
            rgb.x * -0.28135471387310f + rgb.y * 1.59492705638799f + rgb.z * -0.31357234251489f,
            rgb.x * -0.28135471387310f + rgb.y * -0.28716901348101f + rgb.z * 1.56852372735410f
        );
    }
    if (colorspace == 1) {
        // DWG | yB_original=-0.1155 | target_yB=0.10 | inset_scale=0.4848 | blue_a=0.034
        return make_float3(
            rgb.x * 1.66990296240041f + rgb.y * -0.27384897384656f + rgb.z * -0.39605398855385f,
            rgb.x * -0.27114507253409f + rgb.y * 1.66719906108794f + rgb.z * -0.39605398855385f,
            rgb.x * -0.27114507253409f + rgb.y * -0.27384897384656f + rgb.z * 1.54499404638065f
        );
    }
    // AWG3 | yB_original=-0.1020 | target_yB=0.10 | inset_scale=0.4687 | blue_a=0.086
    return make_float3(
        rgb.x * 1.61140025050207f + rgb.y * -0.28194172744870f + rgb.z * -0.32945852305337f,
        rgb.x * -0.27069581936693f + rgb.y * 1.60015434242030f + rgb.z * -0.32945852305337f,
        rgb.x * -0.27069581936693f + rgb.y * -0.28194172744870f + rgb.z * 1.55263754681562f
    );
}

__DEVICE__ float3 rgb_outset_yrg_by_space(float3 rgb, int colorspace) {
    if (colorspace == 0) {
        // CCG outset = inverse of CCG Yrg inset
        return make_float3(
            rgb.x * 0.68081259739429f + rgb.y * 0.15257935983098f + rgb.z * 0.16660804277473f,
            rgb.x * 0.14949009159383f + rgb.y * 0.68390186563144f + rgb.z * 0.16660804277473f,
            rgb.x * 0.14949009159383f + rgb.y * 0.15257935983098f + rgb.z * 0.69793054857520f
        );
    }
    if (colorspace == 1) {
        // DWG outset = inverse of DWG Yrg inset
        return make_float3(
            rgb.x * 0.65487563916829f + rgb.y * 0.14108304839339f + rgb.z * 0.20404131243831f,
            rgb.x * 0.13969003736852f + rgb.y * 0.65626865019317f + rgb.z * 0.20404131243831f,
            rgb.x * 0.13969003736852f + rgb.y * 0.14108304839339f + rgb.z * 0.71922691423809f
        );
    }
    // AWG3 outset = inverse of AWG3 Yrg inset
    return make_float3(
        rgb.x * 0.67514928685621f + rgb.y * 0.14980198511775f + rgb.z * 0.17504872802604f,
        rgb.x * 0.14382678105574f + rgb.y * 0.68112449091822f + rgb.z * 0.17504872802604f,
        rgb.x * 0.14382678105574f + rgb.y * 0.14980198511775f + rgb.z * 0.70637123382650f
    );
}
 

 // illuminant
 #define D65_x 0.3127f
 #define D65_y 0.3290f
 #define D65_Y 1.0000f
 
 __DEVICE__ float spowf(float base, float exp)
 {
    return _copysignf(_powf(_fabs(base), exp), base);
 }
 
__DEVICE__ float3 v_x_mtx_4x4_s(float3 v,
                                float m00, float m01, float m02, float m03,
                                float m10, float m11, float m12, float m13,
                                float m20, float m21, float m22, float m23,
                                float m30, float m31, float m32, float m33) {
    float x = m00 * v.x + m01 * v.y + m02 * v.z + m03;
    float y = m10 * v.x + m11 * v.y + m12 * v.z + m13;
    float z = m20 * v.x + m21 * v.y + m22 * v.z + m23;
    float w = m30 * v.x + m31 * v.y + m32 * v.z + m33;
    // Sign-preserving w guard:
    // keeps projective division finite without forcing negative w to positive,
    // which reduces ProLab HDR outliers near the projective singular zone.
    float safe_w = _copysignf(_fmaxf(_fabs(w), 1e-6f), w);
    return make_float3(x / safe_w, y / safe_w, z / safe_w);
}

// Matrix arrays on the stack have been a recurring OpenCL/Metal crash source.
// Keep mappings as direct scalar math.
__DEVICE__ float3 rgb_to_xyz_by_space(float3 RGB, int colorspace) {
    float3 out = RGB;
    switch (colorspace) {
        case 0:
            out = v_x_mtx_3x3_s(RGB, 0.71604965f, 0.12968348f, 0.10472280f, 0.26126136f, 0.86964215f, -0.13090350f, -0.00967635f, -0.23648164f, 1.33521573f);
            break;
        case 1:
            out = v_x_mtx_3x3_s(RGB, 0.70062239f, 0.14877482f, 0.10105872f, 0.27411851f, 0.87363190f, -0.14775041f, -0.09896291f, -0.13789533f, 1.32591599f);
            break;
        case 2:
            out = v_x_mtx_3x3_s(RGB, 0.63800800f, 0.21470400f, 0.09774400f, 0.29195400f, 0.82384100f, -0.11579500f, 0.00279800f, -0.06703400f, 1.15329400f);
            break;
        default:
            out = v_x_mtx_3x3_s(RGB, 0.70062239f, 0.14877482f, 0.10105872f, 0.27411851f, 0.87363190f, -0.14775041f, -0.09896291f, -0.13789533f, 1.32591599f);
            break;
    }
    return out;
}

__DEVICE__ float3 xyz_to_rgb_by_space(float3 XYZ, int colorspace) {
    float3 out = XYZ;
    switch (colorspace) {
        case 0:
            out = v_x_mtx_3x3_s(XYZ, 1.48981827f, -0.26089590f, -0.14242652f, -0.45816657f, 1.26162778f, 0.15962363f, -0.07034967f, 0.22155767f, 0.77618160f);
            break;
        case 1:
            out = v_x_mtx_3x3_s(XYZ, 1.51667204f, -0.28147805f, -0.14696363f, -0.46491710f, 1.25142378f, 0.17488461f, 0.06484905f, 0.10913934f, 0.76141462f);
            break;
        case 2:
            out = v_x_mtx_3x3_s(XYZ, 1.78906600f, -0.48253400f, -0.20007600f, -0.63984900f, 1.39640000f, 0.19443200f, -0.04153200f, 0.08233500f, 0.87886800f);
            break;
        default:
            out = v_x_mtx_3x3_s(XYZ, 1.51667204f, -0.28147805f, -0.14696363f, -0.46491710f, 1.25142378f, 0.17488461f, 0.06484905f, 0.10913934f, 0.76141462f);
            break;
    }
    return out;
}
 
 // XYZ to xyY
 __DEVICE__ float3 XYZ_to_xyY(float3 XYZ)
 {
    float3 xyY;
    float divisor = (_fabs(XYZ.x) + _fabs(XYZ.y) + _fabs(XYZ.z));
    if (divisor == 0.0f) divisor = 1e-10f;
    xyY.x =_fabs(XYZ.x) / divisor;
    xyY.y = _fabs(XYZ.y)/ divisor;
    xyY.z = _fabs(XYZ.y);
    return xyY;
 }
 
 // xyY to XYZ
 __DEVICE__ float3 xyY_to_XYZ(float3 xyY)
 {
    float3 XYZ;
    XYZ.x = xyY.x * xyY.z / _fmaxf( xyY.y, 1e-10f);
    XYZ.y = xyY.z;
    XYZ.z = (1.0f - xyY.x - xyY.y) * xyY.z / _fmaxf( xyY.y, 1e-10f);
    return XYZ;
 }
 
 /////////////////////////
 // CIELab
 /////////////////////////
 
 
 __DEVICE__ float3 XYZ_to_CIELab(float3 XYZ, float offset, float scale)
 {
    float Xr = 95.047f;
    float Yr = 100.0f;
    float Zr = 108.883f;
    float E = 216.0f / 24389.0f;
    float K = 24389.0f / 27.0f;

    // XYZ to Lab
    float xr = 100.0f * XYZ.x / Xr;
    float yr = 100.0f * XYZ.y / Yr;
    float zr = 100.0f * XYZ.z / Zr;

    float fx = xr > E ? spowf(xr, 1.0f / 3.0f) : (K * xr + 16.0f) / 116.0f;
    float fy = yr > E ? spowf(yr, 1.0f / 3.0f) : (K * yr + 16.0f) / 116.0f;
    float fz = zr > E ? spowf(zr, 1.0f / 3.0f) : (K * zr + 16.0f) / 116.0f;

    float L = 116.0f * fy - 16.0f;
    float a = 500.0f * (fx - fy);
    float b = 200.0f * (fy - fz);

    // scaling and offset
    L = L * .01f;
    a = a * .01f * .25f * scale + offset;
    b = b * .01f * .25f * scale + offset;

    return make_float3(L, a, b);
 }
 
 __DEVICE__ float3 CIELab_to_XYZ(float3 Lab, float offset, float scale)
 {
    float Xr = 95.047f;
    float Yr = 100.0f;
    float Zr = 108.883f;
    float E = 216.0f / 24389.0f;
    float K = 24389.0f / 27.0f;

    float L = Lab.x, a = Lab.y, b = Lab.z;

    // scaling and offset
    L = L * 100.0f;
    a = (a - offset) * 4.0f / scale * 100.0f;
    b = (b - offset) * 4.0f / scale * 100.0f;

    // Lab to XYZ
    float fy = (L + 16.0f) / 116.0f;
    float fx = a / 500.0f + fy;
    float fz = fy - b / 200.0f;

    float xr = spowf(fx, 3.0f) > E ? spowf(fx, 3.0f) : (116.0f * fx - 16.0f) / K;
    float yr = L > (K * E) ? spowf((L + 16.0f) / 116.0f, 3.0f) : L / K;
    float zr = spowf(fz, 3.0f) > E ? spowf(fz, 3.0f) : (116.0f * fz - 16.0f) / K;

    float X = xr * Xr / 100.0f;
    float Y = yr * Yr / 100.0f;
    float Z = zr * Zr / 100.0f;

    return make_float3(X, Y, Z);
 }
  
 /////////////////////////
 // OKLab
 /////////////////////////
 
  __DEVICE__ float3 XYZ_to_OKLab(float3 XYZ, float offset, float scale)
  {
    const float X = XYZ.x;
    const float Y = XYZ.y;
    const float Z = XYZ.z;

    // CIE 1931 XYZ To LMS
    const float l = (X * 0.8189330101f) + (Y * 0.3618667424f) + (Z * -0.1288597137f);
    const float m = (X * 0.0329845436f) + (Y * 0.9293118715f) + (Z * 0.0361456387f);
    const float s = (X * 0.0482003018f) + (Y * 0.2643662691f) + (Z * 0.6338517070f);

    // LMS Non-Linearity
    const float l_prime = spowf(l, 1.0f / 3.0f);
    const float m_prime = spowf(m, 1.0f / 3.0f);
    const float s_prime = spowf(s, 1.0f / 3.0f);

    // LMS Non-Linearity To OKLAB
    const float L = (l_prime * 0.2104542553f) + (m_prime * 0.7936177850f) + (s_prime * -0.0040720468f);
    const float a = (l_prime * 1.9779984951f) + (m_prime * -2.4285922050f) + (s_prime * 0.4505937099f);
    const float b = (l_prime * 0.0259040371f) + (m_prime * 0.7827717662f) + (s_prime * -0.8086757660f);

    // scaling and offset
    return make_float3(L, a * scale + offset, b * scale + offset);
  }
  
  __DEVICE__ float3 OKLab_to_XYZ(float3 Lab, float offset, float scale)
  {
    // scaling and offset
    const float L = Lab.x;
    const float a = (Lab.y - offset) / scale;
    const float b = (Lab.z - offset) / scale;

    // OKLAB To LMS Non-Linearity
    const float l_prime = (L * 1.00000000f) + (a * 0.39633784f) + (b * 0.21580376f);
    const float m_prime = (L * 1.00000000f) + (a * -0.10556135f) + (b * -0.06385418f);
    const float s_prime = (L * 1.00000000f) + (a * -0.08948418f) + (b * -1.29148555f);

    // LMS Non-Linearity To LMS
    const float l = spowf(l_prime, 3.0f);
    const float m = spowf(m_prime, 3.0f);
    const float s = spowf(s_prime, 3.0f);

    // LMS To CIE 1931 XYZ
    const float X = (l * 1.2270138511f) + (m * -0.55779998065f) + (s * 0.2812561489f);
    const float Y = (l * -0.0405801784f) + (m * 1.1122568696f) + (s * -0.0716766786f);
    const float Z = (l * -0.0763812845f) + (m * -0.4214819784f) + (s * 1.5861632204f);

    return make_float3(X, Y, Z);
  }
 
 ///////////////////////
 // Prolab
 ///////////////////////
  
  __DEVICE__ float3 XYZ_to_ProLab(float3 XYZ, float offset, float scale)
  {
    float3 XYZ_n = xyY_to_XYZ(make_float3(D65_x, D65_y, D65_Y));

    XYZ = make_float3(
        XYZ.x * (1.0f / _fmaxf(XYZ_n.x, 1e-10f)),
        XYZ.y * (1.0f / _fmaxf(XYZ_n.y, 1e-10f)),
        XYZ.z * (1.0f / _fmaxf(XYZ_n.z, 1e-10f))
    );
    float3 Lab = v_x_mtx_4x4_s(
        XYZ,
        75.54f, 486.66f, 167.39f, 0.0f,
        617.72f, -595.45f, -22.27f, 0.0f,
        48.34f, 194.94f, -243.28f, 0.0f,
        0.7554f, 3.8666f, 1.6739f, 1.0f
    );

    Lab = make_float3(Lab.x * 0.01f, Lab.y * 0.01f, Lab.z * 0.01f);

    Lab.y = Lab.y * 0.5f * scale + offset;
    Lab.z = Lab.z * 0.5f * scale + offset;

    return Lab;
  }
  
 __DEVICE__ float3 ProLab_to_XYZ(float3 Lab, float offset, float scale)
  {
    float3 XYZ_n = xyY_to_XYZ(make_float3(D65_x, D65_y, D65_Y));

    Lab.y = (Lab.y - offset) * 2.0f / scale;
    Lab.z = (Lab.z - offset) * 2.0f / scale;

    Lab = make_float3(Lab.x * 100.0f, Lab.y * 100.0f, Lab.z * 100.0f);

    float3 XYZ = v_x_mtx_4x4_s(
        Lab,
        0.0013706f, 0.0013874f, 0.0008161f, 0.0f,
        0.0013706f, -0.0002432f, 0.0009653f, 0.0f,
        0.0013706f, 0.0000808f, -0.0031748f, 0.0f,
        -0.0086294f, -0.0002432f, 0.0009653f, 1.0f
    );

    XYZ = make_float3(XYZ.x * XYZ_n.x, XYZ.y * XYZ_n.y, XYZ.z * XYZ_n.z);

    return XYZ;
  }

/////////////////////////
// tLab (Richard Kirk)
/////////////////////////

// XYZ -> LMS (Kirk 2019), adapted from JK_tLab_Kirk_2022.dctl.
__DEVICE__ float3 XYZ_to_LMS_kirk(float3 XYZ)
{
    return v_x_mtx_3x3_s(
        XYZ,
        0.257085f, 0.859943f, -0.031061f,
        -0.394427f, 1.175800f, 0.106423f,
        0.064856f, -0.076250f, 0.559067f
    );
}

// Inverse of XYZ->LMS Kirk matrix (precomputed constants, no runtime matrix inversion).
__DEVICE__ float3 LMS_to_XYZ_kirk(float3 LMS)
{
    return v_x_mtx_3x3_s(
        LMS,
        1.80794659f, -1.29971660f, 0.34785879f,
        0.61783960f, 0.39595453f, -0.04104687f,
        -0.12546960f, 0.20478038f, 1.74274183f
    );
}

__DEVICE__ float3 LMS_to_Yrg_kirk(float3 LMS)
{
    float L = LMS.x;
    float M = LMS.y;
    float S = LMS.z;

    float a = _fmaxf(L + M + S, 1e-6f);
    float l = L / a;
    float m = M / a;
    float Y = 0.68990272f * L + 0.34832189f * M;
    float r = 1.0671f * l - 0.6873f * m + 0.02062f;
    float g = -0.0362f * l + 1.7182f * m - 0.05155f;

    return make_float3(Y, r, g);
}

__DEVICE__ float3 Yrg_to_LMS_kirk(float3 Yrg)
{
    float Y = Yrg.x;
    float r = Yrg.y;
    float g = Yrg.z;

    float l = 0.95f * r + 0.38f * g;
    float m = 0.02f * r + 0.59f * g + 0.03f;
    float d = 0.68990272f * l + 0.34832189f * m;

    // Sign-preserving guard: d can legitimately be negative (when Y is also
    // negative, the ratio Y/d is still positive and finite). Using _fmaxf
